Start Playback
LOG:1,1,95,2026-07-21 12:10:45
EIS:1,60,-575620.82,-2598907.06,2661889.79,-102.49
EIS:2,70,-840138.59,-271506.09,882920.38,-162.09
EIS:3,80,-1261947.11,786531.71,1486991.14,-211.93
EIS:4,90,-2033583.82,-2623294.80,3319207.55,-127.78
EIS:5,100,-1777970.64,-554968.81,1862570.80,-162.66
EIS:6,110,-1486078.43,7754313.73,7895429.72,-259.15
EIS:7,120,-3813720.00,-4862040.00,6179311.71,-128.11
EIS:8,130,-5727517.24,37793.10,5727641.93,-180.38
EIS:9,140,-3235619.47,3264292.04,4596176.22,-225.25
EIS:10,150,-913750.00,-12178750.00,12212980.42,-94.29
EIS:11,160,-6948375.63,67258.88,6948701.15,-180.55
EIS:12,170,-1330360.36,-5192162.16,5359888.67,-104.37
EIS:13,180,-10301147.54,-7102622.95,12512429.56,-145.41
EIS:14,190,-21474836.48,-15720000.00,727333.57,-158.91
EIS:15,200,2512485.21,4686035.50,5317096.07,61.80
EIS:16,210,-12244310.34,-3793275.86,12818427.27,-162.79
EIS:17,220,-7559500.00,-1606500.00,7728316.93,-168.00
EIS:18,230,3055882.35,-21474836.48,23671607.47,-82.58
EIS:19,240,8022666.67,12142000.00,14553052.75,56.55
EIS:20,250,-10241923.08,8869615.38,13548692.39,-220.89
EIS:21,260,-9585200.00,17033600.00,19545321.38,-240.63
EIS:22,270,-10485000.00,-13075000.00,16759798.63,-128.73
EIS:23,280,-6579016.39,10640819.67,12510415.66,-238.27
EIS:24,290,-2653370.79,-6824606.74,7322269.71,-111.25
EIS:25,300,7865294.12,738823.53,7899918.47,5.37
EIS:26,310,21474836.47,13202000.00,746419.77,17.59
EIS:27,320,-985603.45,4427758.62,4536128.37,-257.45
EIS:28,330,-5338861.54,-934892.31,5420098.35,-170.07
EIS:29,340,-21474836.48,16650000.00,11780155.51,-189.81
EIS:30,350,8810245.90,-752704.92,8842341.18,-4.88
EIS:31,360,4317000.00,-21474836.48,30894105.75,-81.97
EIS:32,370,-19023333.33,-12993333.33,23037229.05,-145.67
EIS:33,380,7738000.00,-11446000.00,13816206.43,-55.94
EIS:34,390,-7443705.88,898176.47,7497698.20,-186.88
EIS:35,400,-21474836.48,-21474836.48,42949672.95,-101.53
EIS:36,410,-7773500.00,-13345500.00,15444405.86,-120.22
EIS:37,420,2565000.00,11945000.00,12217293.07,77.88
EIS:38,430,-10202758.62,-15006896.55,18146713.96,-124.21
EIS:39,440,-18714615.38,19623076.92,27116452.15,-226.36
EIS:40,450,-19707692.31,-18591538.46,27093143.75,-136.67
EIS:41,460,-1285940.59,-9640594.06,9725980.52,-97.60
EIS:42,470,-21474836.48,21474836.47,790448.90,-220.12
EIS:43,480,11665000.00,21474836.47,5898576.24,76.18
EIS:44,490,-20090769.23,-18216153.85,27119499.80,-137.80
EIS:45,500,4069845.36,5711597.94,7013272.58,54.53
EIS:46,510,-7370176.47,1342294.12,7491412.06,-190.32
EIS:47,520,-21474836.48,-8778000.00,766680.50,-168.42
EIS:48,530,6369615.38,-431410.26,6384208.25,-3.87
EIS:49,540,6361810.34,850775.86,6418446.11,7.62
EIS:50,550,-16835000.00,21474836.47,34562283.63,-240.85
EIS:51,560,-13683400.00,1923800.00,13817975.32,-188.00
EIS:52,570,-13820000.00,-21474836.48,5924929.85,-106.43
EIS:53,580,-8788307.69,-8339538.46,12115372.63,-136.50
EIS:54,590,-341732.85,-4136028.88,4150122.44,-94.72
EIS:55,600,-5726470.59,-4845882.35,7501669.23,-139.76
EIS:56,610,-6804000.00,21474836.47,741371.66,-261.04
EIS:57,620,-2527752.81,10046404.49,10359525.93,-255.88
EIS:58,630,-6169600.00,-2087200.00,6513092.05,-161.31
EIS:59,640,2392692.31,18996538.46,19146630.25,-277.18
EIS:60,650,-21474836.48,165000.00,30885440.74,-180.31
EIS:61,660,1419073.48,3636837.06,3903889.52,68.68
EIS:62,670,1578517.24,5515206.90,5736656.15,-285.97
EIS:63,680,-14832500.00,21474836.47,34543987.36,-244.57
EIS:64,690,9345321.10,-524403.67,9360022.74,-3.21
EIS:65,700,9380000.00,1460000.00,9492944.75,8.85
EIS:66,710,6410862.07,304655.17,6418096.86,2.72
EIS:67,720,11546666.67,21474836.47,32590684.59,69.25
EIS:68,730,-4984570.14,4285203.62,6573348.42,-220.69
EIS:69,740,-21110000.00,-9253333.33,23048997.33,-156.33
EIS:70,750,-13820000.00,-19260000.00,23705273.68,-125.66
EIS:71,760,13715675.68,-8355945.95,16060560.14,-31.35
EIS:72,770,-3344000.00,21474836.47,726529.26,-265.61
EIS:73,780,780500.00,-10903500.00,10931399.38,-85.91
EIS:74,790,-21474836.48,21474836.47,11836690.43,-202.83
EIS:75,800,5908000.00,-3579000.00,6907510.77,-31.21
EIS:76,810,21474836.47,21474836.47,748502.06,40.07
EIS:77,820,20711000.00,21474836.47,30893517.93,47.90
EIS:78,830,-12430000.00,21474836.47,34534523.31,-248.90
EIS:79,840,-1668995.57,-3363884.79,3755165.38,-116.39
EIS:80,850,17156000.00,9358000.00,19542274.69,28.61
EIS:81,860,10242500.00,21474836.47,24428473.40,65.21
EIS:82,870,5182500.00,11066250.00,12219664.29,64.91
EIS:83,880,-2790588.24,10232352.94,10606056.26,-254.75
EIS:84,890,21474836.47,11442500.00,34538036.46,19.35
EIS:85,900,8928400.00,-17388800.00,19547037.93,-62.82
EIS:86,910,-21474836.48,-21474836.48,42949672.95,-116.25
EIS:87,920,-4294786.89,-3586655.74,5595470.83,-140.13
EIS:88,930,-13318461.54,21474836.47,27100744.38,-240.56
EIS:89,940,1235352.94,-5155411.76,5301355.24,-76.52
EIS:90,950,8911592.92,2193893.80,9177671.73,13.83
EIS:91,960,-4119090.91,-7867272.73,8880365.43,-117.64
EIS:92,970,3975243.90,10032804.88,10791651.30,-291.61
EIS:93,980,-21474836.48,-21474836.48,42949672.95,-118.27
EIS:94,990,-16047647.06,-17450588.23,23707593.84,-132.60
EIS:95,1000,-3611968.91,6029481.86,7028582.43,-239.08
LOG:2,2,268,2026-07-21 12:11:21
CA:1,-0.038
CA:2,0.032
CA:3,-0.015
CA:4,-0.015
CA:5,-0.038
CA:6,-0.038
CA:7,0.008
CA:8,-0.015
CA:9,0.008
CA:10,0.008
CA:11,0.032
CA:12,0.032
CA:13,0.008
CA:14,0.032
CA:15,0.008
CA:16,0.008
CA:17,0.032
CA:18,0.008
CA:19,-0.015
CA:20,-0.015
CA:21,-0.015
CA:22,-0.038
CA:23,-0.015
CA:24,0.008
CA:25,-0.015
CA:26,0.032
CA:27,0.008
CA:28,-0.038
CA:29,0.008
CA:30,0.008
CA:31,0.008
CA:32,0.032
CA:33,-0.015
CA:34,-0.015
CA:35,0.008
CA:36,-0.015
CA:37,-0.015
CA:38,-0.015
CA:39,0.032
CA:40,0.032
CA:41,0.032
CA:42,-0.038
CA:43,-0.015
CA:44,0.008
CA:45,0.032
CA:46,0.008
CA:47,0.008
CA:48,0.032
CA:49,0.008
CA:50,0.008
CA:51,-0.038
CA:52,0.008
CA:53,0.008
CA:54,0.008
CA:55,-0.038
CA:56,-0.038
CA:57,-0.015
CA:58,0.008
CA:59,0.032
CA:60,0.032
CA:61,0.032
CA:62,0.008
CA:63,0.008
CA:64,0.008
CA:65,0.008
CA:66,0.008
CA:67,-0.015
CA:68,-0.015
CA:69,0.008
CA:70,-0.015
CA:71,-0.015
CA:72,-0.015
CA:73,-0.015
CA:74,-0.015
CA:75,-0.015
CA:76,-0.038
CA:77,-0.015
CA:78,0.008
CA:79,0.008
CA:80,0.008
CA:81,-0.015
CA:82,0.032
CA:83,0.032
CA:84,-0.015
CA:85,-0.015
CA:86,-0.015
CA:87,-0.015
CA:88,-0.015
CA:89,0.032
CA:90,0.008
CA:91,0.008
CA:92,0.008
CA:93,0.008
CA:94,0.032
CA:95,-0.015
CA:96,0.008
CA:97,0.032
CA:98,0.008
CA:99,-0.015
CA:100,-0.038
CA:101,0.008
CA:102,-0.015
CA:103,0.008
CA:104,0.008
CA:105,0.008
CA:106,-0.015
CA:107,-0.015
CA:108,0.032
CA:109,0.008
CA:110,0.032
CA:111,0.032
CA:112,-0.015
CA:113,-0.038
CA:114,0.008
CA:115,0.008
CA:116,-0.015
CA:117,0.008
CA:118,0.032
CA:119,0.032
CA:120,-0.015
CA:121,0.008
CA:122,0.008
CA:123,0.032
CA:124,-0.015
CA:125,0.032
CA:126,0.032
CA:127,0.008
CA:128,0.008
CA:129,0.032
CA:130,0.008
CA:131,0.008
CA:132,0.008
CA:133,-0.015
CA:134,-0.015
CA:135,0.032
CA:136,0.032
CA:137,0.008
CA:138,0.032
CA:139,0.032
CA:140,0.032
CA:141,0.032
CA:142,0.032
CA:143,0.008
CA:144,0.032
CA:145,-0.015
CA:146,0.032
CA:147,-0.015
CA:148,0.032
CA:149,0.032
CA:150,0.032
CA:151,0.032
CA:152,0.008
CA:153,0.032
CA:154,0.008
CA:155,0.032
CA:156,0.008
CA:157,-0.015
CA:158,0.008
CA:159,0.008
CA:160,0.008
CA:161,-0.015
CA:162,0.032
CA:163,-0.038
CA:164,0.032
CA:165,-0.015
CA:166,0.032
CA:167,0.032
CA:168,0.032
CA:169,0.032
CA:170,-0.015
CA:171,0.008
CA:172,0.032
CA:173,0.008
CA:174,0.008
CA:175,0.008
CA:176,-0.015
CA:177,0.032
CA:178,-0.038
CA:179,0.032
CA:180,0.032
CA:181,0.032
CA:182,0.008
CA:183,0.008
CA:184,0.032
CA:185,0.008
CA:186,0.008
CA:187,-0.015
CA:188,0.032
CA:189,0.008
CA:190,0.008
CA:191,0.008
CA:192,-0.015
CA:193,0.008
CA:194,-0.038
CA:195,0.032
CA:196,-0.015
CA:197,-0.015
CA:198,0.032
CA:199,0.008
CA:200,0.008
CA:201,0.032
CA:202,-0.015
CA:203,0.008
CA:204,0.008
CA:205,-0.015
CA:206,-0.038
CA:207,0.032
CA:208,-0.015
CA:209,0.008
CA:210,-0.015
CA:211,0.032
CA:212,0.032
CA:213,0.008
CA:214,0.032
CA:215,0.032
CA:216,-0.015
CA:217,0.032
CA:218,0.008
CA:219,0.032
CA:220,0.032
CA:221,-0.015
CA:222,0.008
CA:223,-0.038
CA:224,0.008
CA:225,0.008
CA:226,-0.015
CA:227,0.008
CA:228,-0.038
CA:229,0.032
CA:230,0.008
CA:231,0.008
CA:232,-0.038
CA:233,0.008
CA:234,0.032
CA:235,0.008
CA:236,0.008
CA:237,-0.038
CA:238,0.008
CA:239,0.008
CA:240,0.032
CA:241,0.008
CA:242,-0.038
CA:243,0.008
CA:244,0.032
CA:245,0.008
CA:246,-0.015
CA:247,0.032
CA:248,-0.015
CA:249,0.008
CA:250,-0.038
CA:251,0.032
CA:252,-0.015
CA:253,0.008
CA:254,0.032
CA:255,0.008
CA:256,-0.038
CA:257,-0.038
CA:258,0.032
CA:259,0.008
CA:260,-0.038
CA:261,0.032
CA:262,-0.015
CA:263,0.008
CA:264,-0.015
CA:265,0.032
CA:266,0.032
CA:267,0.008
CA:268,-0.038
summarize:2026-07-21 12:10:45 0.00 42949672.95
LOG:3,1,95,2026-07-21 12:14:36
EIS:1,60,-474805.71,-1885043.62,1943921.27,-104.14
EIS:2,70,-879755.84,-228163.48,908861.33,-165.46
EIS:3,80,-1051387.05,1179326.29,1579944.69,-228.28
EIS:4,90,1849487.18,-3587435.90,4036124.27,-62.73
EIS:5,100,-1538879.18,-249105.40,1558910.72,-170.81
EIS:6,110,-7979594.59,-877432.43,8027690.67,-173.72
EIS:7,120,-4862.07,-5737344.83,5737346.89,-90.05
EIS:8,130,-4098267.15,-613971.12,4144002.19,-171.48
EIS:9,140,-5667517.24,5807793.10,8114876.00,-225.70
EIS:10,150,240891.09,-9718910.89,9721895.77,-88.58
EIS:11,160,-4900659.03,1799627.51,5220643.45,-200.16
EIS:12,170,3471058.82,-6650235.29,7501591.75,-62.44
EIS:13,180,-7279705.88,15096176.47,16759733.34,-244.26
EIS:14,190,-9947352.94,-13475588.23,16749367.41,-126.43
EIS:15,200,-4161105.88,2273623.53,4741747.16,-208.65
EIS:16,210,-21474836.48,5090000.00,5861443.86,-185.99
EIS:17,220,-15992413.79,8588965.52,18152895.85,-208.24
EIS:18,230,19390000.00,-2250000.00,19520107.58,-6.62
EIS:19,240,-21474836.48,-12208461.54,27076260.54,-153.20
EIS:20,250,7243000.00,-20611000.00,21846610.03,-70.64
EIS:21,260,-8631393.44,1944672.13,8847751.27,-192.70
EIS:22,270,-6037522.12,6932831.86,9193249.21,-228.95
EIS:23,280,-6253248.41,4659044.59,7798064.64,-216.69
EIS:24,290,2939310.34,708390.80,3023468.68,13.55
EIS:25,300,-9148235.29,-21474836.48,23699755.40,-112.71
EIS:26,310,2550995.85,5753734.44,6293889.09,66.09
EIS:27,320,3464627.99,-189861.29,3469826.29,-3.14
EIS:28,330,-6766235.96,2802977.53,7323839.98,-202.50
EIS:29,340,5550000.00,21474836.47,32559833.81,80.19
EIS:30,350,-7036379.31,-10721551.72,12824285.76,-123.28
EIS:31,360,-9262615.38,7812923.08,12117665.24,-220.15
EIS:32,370,-3406659.79,-2844515.46,4438085.08,-140.14
EIS:33,380,-5598918.92,-15053513.51,16061013.73,-110.40
EIS:34,390,-21474836.48,21474836.47,769044.54,-217.84
EIS:35,400,-12361176.47,11324705.88,16764475.75,-222.49
EIS:36,410,-8392588.24,-6466352.94,10594775.02,-142.39
EIS:37,420,1055384.62,12076923.08,12122949.63,-274.99
EIS:38,430,-3074362.42,7391946.31,8005783.82,-247.42
EIS:39,440,-2346379.31,12621551.72,12837798.25,-259.47
EIS:40,450,-4765068.49,3158150.68,5716624.31,-213.54
EIS:41,460,7477567.57,-8555405.40,11362613.18,-48.85
EIS:42,470,21474836.47,21474836.47,26209532.14,31.44
EIS:43,480,8942500.00,-14775000.00,17270464.13,-58.82
EIS:44,490,3015853.66,6127317.07,6829303.61,63.79
EIS:45,500,-770769.23,-6008846.15,6058078.68,-97.31
EIS:46,510,-21474836.48,8273333.33,32558687.69,-194.72
EIS:47,520,1693521.68,-3112654.40,3543533.99,-61.45
EIS:48,530,1401705.88,7357823.53,7490149.96,-280.79
EIS:49,540,9234245.28,2212358.49,9495568.23,13.47
EIS:50,550,-3367000.00,6037000.00,6912456.73,-240.85
EIS:51,560,-5318108.11,621981.98,5354356.68,-186.67
EIS:52,570,-15446000.00,-542000.00,15455506.46,-177.99
EIS:53,580,20281666.67,10895000.00,23022750.22,28.24
EIS:54,590,-21474836.48,17904000.00,30889849.46,-215.42
EIS:55,600,1322068.97,-12774827.59,12843055.95,-84.09
EIS:56,610,-10595000.00,20445000.00,23027202.39,-242.61
EIS:57,620,7380270.27,14271621.62,16066971.49,62.66
EIS:58,630,-1593000.00,10806000.00,10922787.42,-261.61
EIS:59,640,-21474836.48,21474836.47,11729695.35,-198.49
EIS:60,650,-1797352.94,3643235.29,4062467.35,-243.74
EIS:61,660,360377.36,6698679.25,6708366.08,-273.08
EIS:62,670,-9766538.46,-16482692.31,19158925.32,-120.65
EIS:63,680,3898396.23,5461886.79,6710417.31,54.48
EIS:64,690,15048000.00,-15844000.00,21851193.10,-46.48
EIS:65,700,12146206.90,13485517.24,18149091.36,47.99
EIS:66,710,-21474836.48,-21474836.48,42949672.95,-110.48
EIS:67,720,-1124905.66,-13382830.19,13430024.45,-94.80
EIS:68,730,2886470.59,21474836.47,23700544.79,-277.00
EIS:69,740,-2790000.00,11020000.00,11367695.46,-255.79
EIS:70,750,2401333.33,6057333.33,6515956.48,68.37
EIS:71,760,-7284000.00,-18130000.00,19538514.68,-111.89
EIS:72,770,14402000.00,-16416000.00,21838101.11,-48.74
EIS:73,780,-7228426.97,1206516.85,7328426.80,-189.48
EIS:74,790,21474836.47,21474836.47,26160141.11,22.17
EIS:75,800,582166.17,-5289406.53,5321347.47,-83.72
EIS:76,810,-12044615.38,-1346923.08,12119693.13,-173.62
EIS:77,820,4768118.81,8471188.12,9720904.54,60.63
EIS:78,830,21474836.47,-21474836.48,11779036.54,-23.90
EIS:79,840,-21474836.48,-1814000.00,745996.85,-177.62
EIS:80,850,3275000.00,21474836.47,30899049.34,-276.08
EIS:81,860,-4715294.12,6926176.47,8378897.25,-235.75
EIS:82,870,-11066250.00,5182500.00,12219664.29,-205.09
EIS:83,880,558153.85,5395230.77,5424025.33,-275.91
EIS:84,890,-9218529.41,13989117.65,16753408.52,-236.62
EIS:85,900,12818448.28,-616379.31,12833259.12,-2.75
EIS:86,910,18513846.15,-4939230.77,19161380.43,-14.94
EIS:87,920,21474836.47,21474836.47,30901997.67,45.06
EIS:88,930,-926292.14,10316067.42,10357570.37,-264.87
EIS:89,940,-561029.41,8363382.35,8382178.62,-266.16
EIS:90,950,-21474836.48,-2985384.61,27058272.44,-173.67
EIS:91,960,-3135200.00,19283600.00,19536803.94,-260.77
EIS:92,970,-21474836.48,21474836.47,5911606.45,-207.95
EIS:93,980,5143769.23,3212846.15,6064712.88,31.99
EIS:94,990,8973274.34,2009115.04,9195444.28,12.62
EIS:95,1000,-2014313.73,-7632745.10,7894064.70,-104.78
Playback all done
Start Playback
LOG:1,1,95,2026-07-21 12:10:45
EIS:1,60,-575620.82,-2598907.06,2661889.79,-102.49
EIS:2,70,-840138.59,-271506.09,882920.38,-162.09
EIS:3,80,-1261947.11,786531.71,1486991.14,-211.93
EIS:4,90,-2033583.82,-2623294.80,3319207.55,-127.78
EIS:5,100,-1777970.64,-554968.81,1862570.80,-162.66
EIS:6,110,-1486078.43,7754313.73,7895429.72,-259.15
EIS:7,120,-3813720.00,-4862040.00,6179311.71,-128.11
EIS:8,130,-5727517.24,37793.10,5727641.93,-180.38
EIS:9,140,-3235619.47,3264292.04,4596176.22,-225.25
EIS:10,150,-913750.00,-12178750.00,12212980.42,-94.29
EIS:11,160,-6948375.63,67258.88,6948701.15,-180.55
EIS:12,170,-1330360.36,-5192162.16,5359888.67,-104.37
EIS:13,180,-10301147.54,-7102622.95,12512429.56,-145.41
EIS:14,190,-21474836.48,-15720000.00,727333.57,-158.91
EIS:15,200,2512485.21,4686035.50,5317096.07,61.80
EIS:16,210,-12244310.34,-3793275.86,12818427.27,-162.79
EIS:17,220,-7559500.00,-1606500.00,7728316.93,-168.00
EIS:18,230,3055882.35,-21474836.48,23671607.47,-82.58
EIS:19,240,8022666.67,12142000.00,14553052.75,56.55
EIS:20,250,-10241923.08,8869615.38,13548692.39,-220.89
EIS:21,260,-9585200.00,17033600.00,19545321.38,-240.63
EIS:22,270,-10485000.00,-13075000.00,16759798.63,-128.73
EIS:23,280,-6579016.39,10640819.67,12510415.66,-238.27
EIS:24,290,-2653370.79,-6824606.74,7322269.71,-111.25
EIS:25,300,7865294.12,738823.53,7899918.47,5.37
EIS:26,310,21474836.47,13202000.00,746419.77,17.59
EIS:27,320,-985603.45,4427758.62,4536128.37,-257.45
EIS:28,330,-5338861.54,-934892.31,5420098.35,-170.07
EIS:29,340,-21474836.48,16650000.00,11780155.51,-189.81
EIS:30,350,8810245.90,-752704.92,8842341.18,-4.88
EIS:31,360,4317000.00,-21474836.48,30894105.75,-81.97
EIS:32,370,-19023333.33,-12993333.33,23037229.05,-145.67
EIS:33,380,7738000.00,-11446000.00,13816206.43,-55.94
EIS:34,390,-7443705.88,898176.47,7497698.20,-186.88
EIS:35,400,-21474836.48,-21474836.48,42949672.95,-101.53
EIS:36,410,-7773500.00,-13345500.00,15444405.86,-120.22
EIS:37,420,2565000.00,11945000.00,12217293.07,77.88
EIS:38,430,-10202758.62,-15006896.55,18146713.96,-124.21
EIS:39,440,-18714615.38,19623076.92,27116452.15,-226.36
EIS:40,450,-19707692.31,-18591538.46,27093143.75,-136.67
EIS:41,460,-1285940.59,-9640594.06,9725980.52,-97.60
EIS:42,470,-21474836.48,21474836.47,790448.90,-220.12
EIS:43,480,11665000.00,21474836.47,5898576.24,76.18
EIS:44,490,-20090769.23,-18216153.85,27119499.80,-137.80
EIS:45,500,4069845.36,5711597.94,7013272.58,54.53
EIS:46,510,-7370176.47,1342294.12,7491412.06,-190.32
EIS:47,520,-21474836.48,-8778000.00,766680.50,-168.42
EIS:48,530,6369615.38,-431410.26,6384208.25,-3.87
EIS:49,540,6361810.34,850775.86,6418446.11,7.62
EIS:50,550,-16835000.00,21474836.47,34562283.63,-240.85
EIS:51,560,-13683400.00,1923800.00,13817975.32,-188.00
EIS:52,570,-13820000.00,-21474836.48,5924929.85,-106.43
EIS:53,580,-8788307.69,-8339538.46,12115372.63,-136.50
EIS:54,590,-341732.85,-4136028.88,4150122.44,-94.72
EIS:55,600,-5726470.59,-4845882.35,7501669.23,-139.76
EIS:56,610,-6804000.00,21474836.47,741371.66,-261.04
EIS:57,620,-2527752.81,10046404.49,10359525.93,-255.88
EIS:58,630,-6169600.00,-2087200.00,6513092.05,-161.31
EIS:59,640,2392692.31,18996538.46,19146630.25,-277.18
EIS:60,650,-21474836.48,165000.00,30885440.74,-180.31
EIS:61,660,1419073.48,3636837.06,3903889.52,68.68
EIS:62,670,1578517.24,5515206.90,5736656.15,-285.97
EIS:63,680,-14832500.00,21474836.47,34543987.36,-244.57
EIS:64,690,9345321.10,-524403.67,9360022.74,-3.21
EIS:65,700,9380000.00,1460000.00,9492944.75,8.85
EIS:66,710,6410862.07,304655.17,6418096.86,2.72
EIS:67,720,11546666.67,21474836.47,32590684.59,69.25
EIS:68,730,-4984570.14,4285203.62,6573348.42,-220.69
EIS:69,740,-21110000.00,-9253333.33,23048997.33,-156.33
EIS:70,750,-13820000.00,-19260000.00,23705273.68,-125.66
EIS:71,760,13715675.68,-8355945.95,16060560.14,-31.35
EIS:72,770,-3344000.00,21474836.47,726529.26,-265.61
EIS:73,780,780500.00,-10903500.00,10931399.38,-85.91
EIS:74,790,-21474836.48,21474836.47,11836690.43,-202.83
EIS:75,800,5908000.00,-3579000.00,6907510.77,-31.21
EIS:76,810,21474836.47,21474836.47,748502.06,40.07
EIS:77,820,20711000.00,21474836.47,30893517.93,47.90
EIS:78,830,-12430000.00,21474836.47,34534523.31,-248.90
EIS:79,840,-1668995.57,-3363884.79,3755165.38,-116.39
EIS:80,850,17156000.00,9358000.00,19542274.69,28.61
EIS:81,860,10242500.00,21474836.47,24428473.40,65.21
EIS:82,870,5182500.00,11066250.00,12219664.29,64.91
EIS:83,880,-2790588.24,10232352.94,10606056.26,-254.75
EIS:84,890,21474836.47,11442500.00,34538036.46,19.35
EIS:85,900,8928400.00,-17388800.00,19547037.93,-62.82
EIS:86,910,-21474836.48,-21474836.48,42949672.95,-116.25
EIS:87,920,-4294786.89,-3586655.74,5595470.83,-140.13
EIS:88,930,-13318461.54,21474836.47,27100744.38,-240.56
EIS:89,940,1235352.94,-5155411.76,5301355.24,-76.52
EIS:90,950,8911592.92,2193893.80,9177671.73,13.83
EIS:91,960,-4119090.91,-7867272.73,8880365.43,-117.64
EIS:92,970,3975243.90,10032804.88,10791651.30,-291.61
EIS:93,980,-21474836.48,-21474836.48,42949672.95,-118.27
EIS:94,990,-16047647.06,-17450588.23,23707593.84,-132.60
EIS:95,1000,-3611968.91,6029481.86,7028582.43,-239.08
LOG:2,2,268,2026-07-21 12:11:21
CA:1,-0.038
CA:2,0.032
CA:3,-0.015
CA:4,-0.015
CA:5,-0.038
CA:6,-0.038
CA:7,0.008
CA:8,-0.015
CA:9,0.008
CA:10,0.008
CA:11,0.032
CA:12,0.032
CA:13,0.008
CA:14,0.032
CA:15,0.008
CA:16,0.008
CA:17,0.032
CA:18,0.008
CA:19,-0.015
CA:20,-0.015
CA:21,-0.015
CA:22,-0.038
CA:23,-0.015
CA:24,0.008
CA:25,-0.015
CA:26,0.032
CA:27,0.008
CA:28,-0.038
CA:29,0.008
CA:30,0.008
CA:31,0.008
CA:32,0.032
CA:33,-0.015
CA:34,-0.015
CA:35,0.008
CA:36,-0.015
CA:37,-0.015
CA:38,-0.015
CA:39,0.032
CA:40,0.032
CA:41,0.032
CA:42,-0.038
CA:43,-0.015
CA:44,0.008
CA:45,0.032
CA:46,0.008
CA:47,0.008
CA:48,0.032
CA:49,0.008
CA:50,0.008
CA:51,-0.038
CA:52,0.008
CA:53,0.008
CA:54,0.008
CA:55,-0.038
CA:56,-0.038
CA:57,-0.015
CA:58,0.008
CA:59,0.032
CA:60,0.032
CA:61,0.032
CA:62,0.008
CA:63,0.008
CA:64,0.008
CA:65,0.008
CA:66,0.008
CA:67,-0.015
CA:68,-0.015
CA:69,0.008
CA:70,-0.015
CA:71,-0.015
CA:72,-0.015
CA:73,-0.015
CA:74,-0.015
CA:75,-0.015
CA:76,-0.038
CA:77,-0.015
CA:78,0.008
CA:79,0.008
CA:80,0.008
CA:81,-0.015
CA:82,0.032
CA:83,0.032
CA:84,-0.015
CA:85,-0.015
CA:86,-0.015
CA:87,-0.015
CA:88,-0.015
CA:89,0.032
CA:90,0.008
CA:91,0.008
CA:92,0.008
CA:93,0.008
CA:94,0.032
CA:95,-0.015
CA:96,0.008
CA:97,0.032
CA:98,0.008
CA:99,-0.015
CA:100,-0.038
CA:101,0.008
CA:102,-0.015
CA:103,0.008
CA:104,0.008
CA:105,0.008
CA:106,-0.015
CA:107,-0.015
CA:108,0.032
CA:109,0.008
CA:110,0.032
CA:111,0.032
CA:112,-0.015
CA:113,-0.038
CA:114,0.008
CA:115,0.008
CA:116,-0.015
CA:117,0.008
CA:118,0.032
CA:119,0.032
CA:120,-0.015
CA:121,0.008
CA:122,0.008
CA:123,0.032
CA:124,-0.015
CA:125,0.032
CA:126,0.032
CA:127,0.008
CA:128,0.008
CA:129,0.032
CA:130,0.008
CA:131,0.008
CA:132,0.008
CA:133,-0.015
CA:134,-0.015
CA:135,0.032
CA:136,0.032
CA:137,0.008
CA:138,0.032
CA:139,0.032
CA:140,0.032
CA:141,0.032
CA:142,0.032
CA:143,0.008
CA:144,0.032
CA:145,-0.015
CA:146,0.032
CA:147,-0.015
CA:148,0.032
CA:149,0.032
CA:150,0.032
CA:151,0.032
CA:152,0.008
CA:153,0.032
CA:154,0.008
CA:155,0.032
CA:156,0.008
CA:157,-0.015
CA:158,0.008
CA:159,0.008
CA:160,0.008
CA:161,-0.015
CA:162,0.032
CA:163,-0.038
CA:164,0.032
CA:165,-0.015
CA:166,0.032
CA:167,0.032
CA:168,0.032
CA:169,0.032
CA:170,-0.015
CA:171,0.008
CA:172,0.032
CA:173,0.008
CA:174,0.008
CA:175,0.008
CA:176,-0.015
CA:177,0.032
CA:178,-0.038
CA:179,0.032
CA:180,0.032
CA:181,0.032
CA:182,0.008
CA:183,0.008
CA:184,0.032
CA:185,0.008
CA:186,0.008
CA:187,-0.015
CA:188,0.032
CA:189,0.008
CA:190,0.008
CA:191,0.008
CA:192,-0.015
CA:193,0.008
CA:194,-0.038
CA:195,0.032
CA:196,-0.015
CA:197,-0.015
CA:198,0.032
CA:199,0.008
CA:200,0.008
CA:201,0.032
CA:202,-0.015
CA:203,0.008
CA:204,0.008
CA:205,-0.015
CA:206,-0.038
CA:207,0.032
CA:208,-0.015
CA:209,0.008
CA:210,-0.015
CA:211,0.032
CA:212,0.032
CA:213,0.008
CA:214,0.032
CA:215,0.032
CA:216,-0.015
CA:217,0.032
CA:218,0.008
CA:219,0.032
CA:220,0.032
CA:221,-0.015
CA:222,0.008
CA:223,-0.038
CA:224,0.008
CA:225,0.008
CA:226,-0.015
CA:227,0.008
CA:228,-0.038
CA:229,0.032
CA:230,0.008
CA:231,0.008
CA:232,-0.038
CA:233,0.008
CA:234,0.032
CA:235,0.008
CA:236,0.008
CA:237,-0.038
CA:238,0.008
CA:239,0.008
CA:240,0.032
CA:241,0.008
CA:242,-0.038
CA:243,0.008
CA:244,0.032
CA:245,0.008
CA:246,-0.015
CA:247,0.032
CA:248,-0.015
CA:249,0.008
CA:250,-0.038
CA:251,0.032
CA:252,-0.015
CA:253,0.008
CA:254,0.032
CA:255,0.008
CA:256,-0.038
CA:257,-0.038
CA:258,0.032
CA:259,0.008
CA:260,-0.038
CA:261,0.032
CA:262,-0.015
CA:263,0.008
CA:264,-0.015
CA:265,0.032
CA:266,0.032
CA:267,0.008
CA:268,-0.038
summarize:2026-07-21 12:10:45 0.00 42949672.95
LOG:3,1,95,2026-07-21 12:14:36
EIS:1,60,-474805.71,-1885043.62,1943921.27,-104.14
EIS:2,70,-879755.84,-228163.48,908861.33,-165.46
EIS:3,80,-1051387.05,1179326.29,1579944.69,-228.28
EIS:4,90,1849487.18,-3587435.90,4036124.27,-62.73
EIS:5,100,-1538879.18,-249105.40,1558910.72,-170.81
EIS:6,110,-7979594.59,-877432.43,8027690.67,-173.72
EIS:7,120,-4862.07,-5737344.83,5737346.89,-90.05
EIS:8,130,-4098267.15,-613971.12,4144002.19,-171.48
EIS:9,140,-5667517.24,5807793.10,8114876.00,-225.70
EIS:10,150,240891.09,-9718910.89,9721895.77,-88.58
EIS:11,160,-4900659.03,1799627.51,5220643.45,-200.16
EIS:12,170,3471058.82,-6650235.29,7501591.75,-62.44
EIS:13,180,-7279705.88,15096176.47,16759733.34,-244.26
EIS:14,190,-9947352.94,-13475588.23,16749367.41,-126.43
EIS:15,200,-4161105.88,2273623.53,4741747.16,-208.65
EIS:16,210,-21474836.48,5090000.00,5861443.86,-185.99
EIS:17,220,-15992413.79,8588965.52,18152895.85,-208.24
EIS:18,230,19390000.00,-2250000.00,19520107.58,-6.62
EIS:19,240,-21474836.48,-12208461.54,27076260.54,-153.20
EIS:20,250,7243000.00,-20611000.00,21846610.03,-70.64
EIS:21,260,-8631393.44,1944672.13,8847751.27,-192.70
EIS:22,270,-6037522.12,6932831.86,9193249.21,-228.95
EIS:23,280,-6253248.41,4659044.59,7798064.64,-216.69
EIS:24,290,2939310.34,708390.80,3023468.68,13.55
EIS:25,300,-9148235.29,-21474836.48,23699755.40,-112.71
EIS:26,310,2550995.85,5753734.44,6293889.09,66.09
EIS:27,320,3464627.99,-189861.29,3469826.29,-3.14
EIS:28,330,-6766235.96,2802977.53,7323839.98,-202.50
EIS:29,340,5550000.00,21474836.47,32559833.81,80.19
EIS:30,350,-7036379.31,-10721551.72,12824285.76,-123.28
EIS:31,360,-9262615.38,7812923.08,12117665.24,-220.15
EIS:32,370,-3406659.79,-2844515.46,4438085.08,-140.14
EIS:33,380,-5598918.92,-15053513.51,16061013.73,-110.40
EIS:34,390,-21474836.48,21474836.47,769044.54,-217.84
EIS:35,400,-12361176.47,11324705.88,16764475.75,-222.49
EIS:36,410,-8392588.24,-6466352.94,10594775.02,-142.39
EIS:37,420,1055384.62,12076923.08,12122949.63,-274.99
EIS:38,430,-3074362.42,7391946.31,8005783.82,-247.42
EIS:39,440,-2346379.31,12621551.72,12837798.25,-259.47
EIS:40,450,-4765068.49,3158150.68,5716624.31,-213.54
EIS:41,460,7477567.57,-8555405.40,11362613.18,-48.85
EIS:42,470,21474836.47,21474836.47,26209532.14,31.44
EIS:43,480,8942500.00,-14775000.00,17270464.13,-58.82
EIS:44,490,3015853.66,6127317.07,6829303.61,63.79
EIS:45,500,-770769.23,-6008846.15,6058078.68,-97.31
EIS:46,510,-21474836.48,8273333.33,32558687.69,-194.72
EIS:47,520,1693521.68,-3112654.40,3543533.99,-61.45
EIS:48,530,1401705.88,7357823.53,7490149.96,-280.79
EIS:49,540,9234245.28,2212358.49,9495568.23,13.47
EIS:50,550,-3367000.00,6037000.00,6912456.73,-240.85
EIS:51,560,-5318108.11,621981.98,5354356.68,-186.67
EIS:52,570,-15446000.00,-542000.00,15455506.46,-177.99
EIS:53,580,20281666.67,10895000.00,23022750.22,28.24
EIS:54,590,-21474836.48,17904000.00,30889849.46,-215.42
EIS:55,600,1322068.97,-12774827.59,12843055.95,-84.09
EIS:56,610,-10595000.00,20445000.00,23027202.39,-242.61
EIS:57,620,7380270.27,14271621.62,16066971.49,62.66
EIS:58,630,-1593000.00,10806000.00,10922787.42,-261.61
EIS:59,640,-21474836.48,21474836.47,11729695.35,-198.49
EIS:60,650,-1797352.94,3643235.29,4062467.35,-243.74
EIS:61,660,360377.36,6698679.25,6708366.08,-273.08
EIS:62,670,-9766538.46,-16482692.31,19158925.32,-120.65
EIS:63,680,3898396.23,5461886.79,6710417.31,54.48
EIS:64,690,15048000.00,-15844000.00,21851193.10,-46.48
EIS:65,700,12146206.90,13485517.24,18149091.36,47.99
EIS:66,710,-21474836.48,-21474836.48,42949672.95,-110.48
EIS:67,720,-1124905.66,-13382830.19,13430024.45,-94.80
EIS:68,730,2886470.59,21474836.47,23700544.79,-277.00
EIS:69,740,-2790000.00,11020000.00,11367695.46,-255.79
EIS:70,750,2401333.33,6057333.33,6515956.48,68.37
EIS:71,760,-7284000.00,-18130000.00,19538514.68,-111.89
EIS:72,770,14402000.00,-16416000.00,21838101.11,-48.74
EIS:73,780,-7228426.97,1206516.85,7328426.80,-189.48
EIS:74,790,21474836.47,21474836.47,26160141.11,22.17
EIS:75,800,582166.17,-5289406.53,5321347.47,-83.72
EIS:76,810,-12044615.38,-1346923.08,12119693.13,-173.62
EIS:77,820,4768118.81,8471188.12,9720904.54,60.63
EIS:78,830,21474836.47,-21474836.48,11779036.54,-23.90
EIS:79,840,-21474836.48,-1814000.00,745996.85,-177.62
EIS:80,850,3275000.00,21474836.47,30899049.34,-276.08
EIS:81,860,-4715294.12,6926176.47,8378897.25,-235.75
EIS:82,870,-11066250.00,5182500.00,12219664.29,-205.09
EIS:83,880,558153.85,5395230.77,5424025.33,-275.91
EIS:84,890,-9218529.41,13989117.65,16753408.52,-236.62
EIS:85,900,12818448.28,-616379.31,12833259.12,-2.75
EIS:86,910,18513846.15,-4939230.77,19161380.43,-14.94
EIS:87,920,21474836.47,21474836.47,30901997.67,45.06
EIS:88,930,-926292.14,10316067.42,10357570.37,-264.87
EIS:89,940,-561029.41,8363382.35,8382178.62,-266.16
EIS:90,950,-21474836.48,-2985384.61,27058272.44,-173.67
EIS:91,960,-3135200.00,19283600.00,19536803.94,-260.77
EIS:92,970,-21474836.48,21474836.47,5911606.45,-207.95
EIS:93,980,5143769.23,3212846.15,6064712.88,31.99
EIS:94,990,8973274.34,2009115.04,9195444.28,12.62
EIS:95,1000,-2014313.73,-7632745.10,7894064.70,-104.78
Playback all done
EIS:1,60,-738216.22,-1848702.70,1990644.33,-111.77
Start Playback
LOG:1,1,95,2026-07-21 12:10:45
EIS:1,60,-575620.82,-2598907.06,2661889.79,-102.49
EIS:2,70,-840138.59,-271506.09,882920.38,-162.09
EIS:3,80,-1261947.11,786531.71,1486991.14,-211.93
EIS:4,90,-2033583.82,-2623294.80,3319207.55,-127.78
EIS:5,100,-1777970.64,-554968.81,1862570.80,-162.66
EIS:6,110,-1486078.43,7754313.73,7895429.72,-259.15
EIS:7,120,-3813720.00,-4862040.00,6179311.71,-128.11
EIS:8,130,-5727517.24,37793.10,5727641.93,-180.38
EIS:9,140,-3235619.47,3264292.04,4596176.22,-225.25
EIS:10,150,-913750.00,-12178750.00,12212980.42,-94.29
EIS:11,160,-6948375.63,67258.88,6948701.15,-180.55
EIS:12,170,-1330360.36,-5192162.16,5359888.67,-104.37
EIS:13,180,-10301147.54,-7102622.95,12512429.56,-145.41
EIS:14,190,-21474836.48,-15720000.00,727333.57,-158.91
EIS:15,200,2512485.21,4686035.50,5317096.07,61.80
EIS:16,210,-12244310.34,-3793275.86,12818427.27,-162.79
EIS:17,220,-7559500.00,-1606500.00,7728316.93,-168.00
EIS:18,230,3055882.35,-21474836.48,23671607.47,-82.58
EIS:19,240,8022666.67,12142000.00,14553052.75,56.55
EIS:20,250,-10241923.08,8869615.38,13548692.39,-220.89
EIS:21,260,-9585200.00,17033600.00,19545321.38,-240.63
EIS:22,270,-10485000.00,-13075000.00,16759798.63,-128.73
EIS:23,280,-6579016.39,10640819.67,12510415.66,-238.27
EIS:24,290,-2653370.79,-6824606.74,7322269.71,-111.25
EIS:25,300,7865294.12,738823.53,7899918.47,5.37
EIS:26,310,21474836.47,13202000.00,746419.77,17.59
EIS:27,320,-985603.45,4427758.62,4536128.37,-257.45
EIS:28,330,-5338861.54,-934892.31,5420098.35,-170.07
EIS:29,340,-21474836.48,16650000.00,11780155.51,-189.81
EIS:30,350,8810245.90,-752704.92,8842341.18,-4.88
EIS:31,360,4317000.00,-21474836.48,30894105.75,-81.97
EIS:32,370,-19023333.33,-12993333.33,23037229.05,-145.67
EIS:33,380,7738000.00,-11446000.00,13816206.43,-55.94
EIS:34,390,-7443705.88,898176.47,7497698.20,-186.88
EIS:35,400,-21474836.48,-21474836.48,42949672.95,-101.53
EIS:36,410,-7773500.00,-13345500.00,15444405.86,-120.22
EIS:37,420,2565000.00,11945000.00,12217293.07,77.88
EIS:38,430,-10202758.62,-15006896.55,18146713.96,-124.21
EIS:39,440,-18714615.38,19623076.92,27116452.15,-226.36
EIS:40,450,-19707692.31,-18591538.46,27093143.75,-136.67
EIS:41,460,-1285940.59,-9640594.06,9725980.52,-97.60
EIS:42,470,-21474836.48,21474836.47,790448.90,-220.12
EIS:43,480,11665000.00,21474836.47,5898576.24,76.18
EIS:44,490,-20090769.23,-18216153.85,27119499.80,-137.80
EIS:45,500,4069845.36,5711597.94,7013272.58,54.53
EIS:46,510,-7370176.47,1342294.12,7491412.06,-190.32
EIS:47,520,-21474836.48,-8778000.00,766680.50,-168.42
EIS:48,530,6369615.38,-431410.26,6384208.25,-3.87
EIS:49,540,6361810.34,850775.86,6418446.11,7.62
EIS:50,550,-16835000.00,21474836.47,34562283.63,-240.85
EIS:51,560,-13683400.00,1923800.00,13817975.32,-188.00
EIS:52,570,-13820000.00,-21474836.48,5924929.85,-106.43
EIS:53,580,-8788307.69,-8339538.46,12115372.63,-136.50
EIS:54,590,-341732.85,-4136028.88,4150122.44,-94.72
EIS:55,600,-5726470.59,-4845882.35,7501669.23,-139.76
EIS:56,610,-6804000.00,21474836.47,741371.66,-261.04
EIS:57,620,-2527752.81,10046404.49,10359525.93,-255.88
EIS:58,630,-6169600.00,-2087200.00,6513092.05,-161.31
EIS:59,640,2392692.31,18996538.46,19146630.25,-277.18
EIS:60,650,-21474836.48,165000.00,30885440.74,-180.31
EIS:61,660,1419073.48,3636837.06,3903889.52,68.68
EIS:62,670,1578517.24,5515206.90,5736656.15,-285.97
EIS:63,680,-14832500.00,21474836.47,34543987.36,-244.57
EIS:64,690,9345321.10,-524403.67,9360022.74,-3.21
EIS:65,700,9380000.00,1460000.00,9492944.75,8.85
EIS:66,710,6410862.07,304655.17,6418096.86,2.72
EIS:67,720,11546666.67,21474836.47,32590684.59,69.25
EIS:68,730,-4984570.14,4285203.62,6573348.42,-220.69
EIS:69,740,-21110000.00,-9253333.33,23048997.33,-156.33
EIS:70,750,-13820000.00,-19260000.00,23705273.68,-125.66
EIS:71,760,13715675.68,-8355945.95,16060560.14,-31.35
EIS:72,770,-3344000.00,21474836.47,726529.26,-265.61
EIS:73,780,780500.00,-10903500.00,10931399.38,-85.91
EIS:74,790,-21474836.48,21474836.47,11836690.43,-202.83
EIS:75,800,5908000.00,-3579000.00,6907510.77,-31.21
EIS:76,810,21474836.47,21474836.47,748502.06,40.07
EIS:77,820,20711000.00,21474836.47,30893517.93,47.90
EIS:78,830,-12430000.00,21474836.47,34534523.31,-248.90
EIS:79,840,-1668995.57,-3363884.79,3755165.38,-116.39
EIS:80,850,17156000.00,9358000.00,19542274.69,28.61
EIS:81,860,10242500.00,21474836.47,24428473.40,65.21
EIS:82,870,5182500.00,11066250.00,12219664.29,64.91
EIS:83,880,-2790588.24,10232352.94,10606056.26,-254.75
EIS:84,890,21474836.47,11442500.00,34538036.46,19.35
EIS:85,900,8928400.00,-17388800.00,19547037.93,-62.82
EIS:86,910,-21474836.48,-21474836.48,42949672.95,-116.25
EIS:87,920,-4294786.89,-3586655.74,5595470.83,-140.13
EIS:88,930,-13318461.54,21474836.47,27100744.38,-240.56
EIS:89,940,1235352.94,-5155411.76,5301355.24,-76.52
EIS:90,950,8911592.92,2193893.80,9177671.73,13.83
EIS:91,960,-4119090.91,-7867272.73,8880365.43,-117.64
EIS:92,970,3975243.90,10032804.88,10791651.30,-291.61
EIS:93,980,-21474836.48,-21474836.48,42949672.95,-118.27
EIS:94,990,-16047647.06,-17450588.23,23707593.84,-132.60
EIS:95,1000,-3611968.91,6029481.86,7028582.43,-239.08
LOG:2,2,268,2026-07-21 12:11:21
CA:1,-0.038
CA:2,0.032
CA:3,-0.015
CA:4,-0.015
CA:5,-0.038
CA:6,-0.038
CA:7,0.008
CA:8,-0.015
CA:9,0.008
CA:10,0.008
CA:11,0.032
CA:12,0.032
CA:13,0.008
CA:14,0.032
CA:15,0.008
CA:16,0.008
CA:17,0.032
CA:18,0.008
CA:19,-0.015
CA:20,-0.015
CA:21,-0.015
CA:22,-0.038
CA:23,-0.015
CA:24,0.008
CA:25,-0.015
CA:26,0.032
CA:27,0.008
CA:28,-0.038
CA:29,0.008
CA:30,0.008
CA:31,0.008
CA:32,0.032
CA:33,-0.015
CA:34,-0.015
CA:35,0.008
CA:36,-0.015
CA:37,-0.015
CA:38,-0.015
CA:39,0.032
CA:40,0.032
CA:41,0.032
CA:42,-0.038
CA:43,-0.015
CA:44,0.008
CA:45,0.032
CA:46,0.008
CA:47,0.008
CA:48,0.032
CA:49,0.008
CA:50,0.008
CA:51,-0.038
CA:52,0.008
CA:53,0.008
CA:54,0.008
CA:55,-0.038
CA:56,-0.038
CA:57,-0.015
CA:58,0.008
CA:59,0.032
CA:60,0.032
CA:61,0.032
CA:62,0.008
CA:63,0.008
CA:64,0.008
CA:65,0.008
CA:66,0.008
CA:67,-0.015
CA:68,-0.015
CA:69,0.008
CA:70,-0.015
CA:71,-0.015
CA:72,-0.015
CA:73,-0.015
CA:74,-0.015
CA:75,-0.015
CA:76,-0.038
CA:77,-0.015
CA:78,0.008
CA:79,0.008
CA:80,0.008
CA:81,-0.015
CA:82,0.032
CA:83,0.032
CA:84,-0.015
CA:85,-0.015
CA:86,-0.015
CA:87,-0.015
CA:88,-0.015
CA:89,0.032
CA:90,0.008
CA:91,0.008
CA:92,0.008
CA:93,0.008
CA:94,0.032
CA:95,-0.015
CA:96,0.008
CA:97,0.032
CA:98,0.008
CA:99,-0.015
CA:100,-0.038
CA:101,0.008
CA:102,-0.015
CA:103,0.008
CA:104,0.008
CA:105,0.008
CA:106,-0.015
CA:107,-0.015
CA:108,0.032
CA:109,0.008
CA:110,0.032
CA:111,0.032
CA:112,-0.015
CA:113,-0.038
CA:114,0.008
CA:115,0.008
CA:116,-0.015
CA:117,0.008
CA:118,0.032
CA:119,0.032
CA:120,-0.015
CA:121,0.008
CA:122,0.008
CA:123,0.032
CA:124,-0.015
CA:125,0.032
CA:126,0.032
CA:127,0.008
CA:128,0.008
CA:129,0.032
CA:130,0.008
CA:131,0.008
CA:132,0.008
CA:133,-0.015
CA:134,-0.015
CA:135,0.032
CA:136,0.032
CA:137,0.008
CA:138,0.032
CA:139,0.032
CA:140,0.032
CA:141,0.032
CA:142,0.032
CA:143,0.008
CA:144,0.032
CA:145,-0.015
CA:146,0.032
CA:147,-0.015
CA:148,0.032
CA:149,0.032
CA:150,0.032
CA:151,0.032
CA:152,0.008
CA:153,0.032
CA:154,0.008
CA:155,0.032
CA:156,0.008
CA:157,-0.015
CA:158,0.008
CA:159,0.008
CA:160,0.008
CA:161,-0.015
CA:162,0.032
CA:163,-0.038
CA:164,0.032
CA:165,-0.015
CA:166,0.032
CA:167,0.032
CA:168,0.032
CA:169,0.032
CA:170,-0.015
CA:171,0.008
CA:172,0.032
CA:173,0.008
CA:174,0.008
CA:175,0.008
CA:176,-0.015
CA:177,0.032
CA:178,-0.038
CA:179,0.032
CA:180,0.032
CA:181,0.032
CA:182,0.008
CA:183,0.008
CA:184,0.032
CA:185,0.008
CA:186,0.008
CA:187,-0.015
CA:188,0.032
CA:189,0.008
CA:190,0.008
CA:191,0.008
CA:192,-0.015
CA:193,0.008
CA:194,-0.038
CA:195,0.032
CA:196,-0.015
CA:197,-0.015
CA:198,0.032
CA:199,0.008
CA:200,0.008
CA:201,0.032
CA:202,-0.015
CA:203,0.008
CA:204,0.008
CA:205,-0.015
CA:206,-0.038
CA:207,0.032
CA:208,-0.015
CA:209,0.008
CA:210,-0.015
CA:211,0.032
CA:212,0.032
CA:213,0.008
CA:214,0.032
CA:215,0.032
CA:216,-0.015
CA:217,0.032
CA:218,0.008
CA:219,0.032
CA:220,0.032
CA:221,-0.015
CA:222,0.008
CA:223,-0.038
CA:224,0.008
CA:225,0.008
CA:226,-0.015
CA:227,0.008
CA:228,-0.038
CA:229,0.032
CA:230,0.008
CA:231,0.008
CA:232,-0.038
CA:233,0.008
CA:234,0.032
CA:235,0.008
CA:236,0.008
CA:237,-0.038
CA:238,0.008
CA:239,0.008
CA:240,0.032
CA:241,0.008
CA:242,-0.038
CA:243,0.008
CA:244,0.032
CA:245,0.008
CA:246,-0.015
CA:247,0.032
CA:248,-0.015
CA:249,0.008
CA:250,-0.038
CA:251,0.032
CA:252,-0.015
CA:253,0.008
CA:254,0.032
CA:255,0.008
CA:256,-0.038
CA:257,-0.038
CA:258,0.032
CA:259,0.008
CA:260,-0.038
CA:261,0.032
CA:262,-0.015
CA:263,0.008
CA:264,-0.015
CA:265,0.032
CA:266,0.032
CA:267,0.008
CA:268,-0.038
summarize:2026-07-21 12:10:45 0.00 42949672.95
LOG:3,1,95,2026-07-21 12:14:36
EIS:1,60,-474805.71,-1885043.62,1943921.27,-104.14
EIS:2,70,-879755.84,-228163.48,908861.33,-165.46
EIS:3,80,-1051387.05,1179326.29,1579944.69,-228.28
EIS:4,90,1849487.18,-3587435.90,4036124.27,-62.73
EIS:5,100,-1538879.18,-249105.40,1558910.72,-170.81
EIS:6,110,-7979594.59,-877432.43,8027690.67,-173.72
EIS:7,120,-4862.07,-5737344.83,5737346.89,-90.05
EIS:8,130,-4098267.15,-613971.12,4144002.19,-171.48
EIS:9,140,-5667517.24,5807793.10,8114876.00,-225.70
EIS:10,150,240891.09,-9718910.89,9721895.77,-88.58
EIS:11,160,-4900659.03,1799627.51,5220643.45,-200.16
EIS:12,170,3471058.82,-6650235.29,7501591.75,-62.44
EIS:13,180,-7279705.88,15096176.47,16759733.34,-244.26
EIS:14,190,-9947352.94,-13475588.23,16749367.41,-126.43
EIS:15,200,-4161105.88,2273623.53,4741747.16,-208.65
EIS:16,210,-21474836.48,5090000.00,5861443.86,-185.99
EIS:17,220,-15992413.79,8588965.52,18152895.85,-208.24
EIS:18,230,19390000.00,-2250000.00,19520107.58,-6.62
EIS:19,240,-21474836.48,-12208461.54,27076260.54,-153.20
EIS:20,250,7243000.00,-20611000.00,21846610.03,-70.64
EIS:21,260,-8631393.44,1944672.13,8847751.27,-192.70
EIS:22,270,-6037522.12,6932831.86,9193249.21,-228.95
EIS:23,280,-6253248.41,4659044.59,7798064.64,-216.69
EIS:24,290,2939310.34,708390.80,3023468.68,13.55
EIS:25,300,-9148235.29,-21474836.48,23699755.40,-112.71
EIS:26,310,2550995.85,5753734.44,6293889.09,66.09
EIS:27,320,3464627.99,-189861.29,3469826.29,-3.14
EIS:28,330,-6766235.96,2802977.53,7323839.98,-202.50
EIS:29,340,5550000.00,21474836.47,32559833.81,80.19
EIS:30,350,-7036379.31,-10721551.72,12824285.76,-123.28
EIS:31,360,-9262615.38,7812923.08,12117665.24,-220.15
EIS:32,370,-3406659.79,-2844515.46,4438085.08,-140.14
EIS:33,380,-5598918.92,-15053513.51,16061013.73,-110.40
EIS:34,390,-21474836.48,21474836.47,769044.54,-217.84
EIS:35,400,-12361176.47,11324705.88,16764475.75,-222.49
EIS:36,410,-8392588.24,-6466352.94,10594775.02,-142.39
EIS:37,420,1055384.62,12076923.08,12122949.63,-274.99
EIS:38,430,-3074362.42,7391946.31,8005783.82,-247.42
EIS:39,440,-2346379.31,12621551.72,12837798.25,-259.47
EIS:40,450,-4765068.49,3158150.68,5716624.31,-213.54
EIS:41,460,7477567.57,-8555405.40,11362613.18,-48.85
EIS:42,470,21474836.47,21474836.47,26209532.14,31.44
EIS:43,480,8942500.00,-14775000.00,17270464.13,-58.82
EIS:44,490,3015853.66,6127317.07,6829303.61,63.79
EIS:45,500,-770769.23,-6008846.15,6058078.68,-97.31
EIS:46,510,-21474836.48,8273333.33,32558687.69,-194.72
EIS:47,520,1693521.68,-3112654.40,3543533.99,-61.45
EIS:48,530,1401705.88,7357823.53,7490149.96,-280.79
EIS:49,540,9234245.28,2212358.49,9495568.23,13.47
EIS:50,550,-3367000.00,6037000.00,6912456.73,-240.85
EIS:51,560,-5318108.11,621981.98,5354356.68,-186.67
EIS:52,570,-15446000.00,-542000.00,15455506.46,-177.99
EIS:53,580,20281666.67,10895000.00,23022750.22,28.24
EIS:54,590,-21474836.48,17904000.00,30889849.46,-215.42
EIS:55,600,1322068.97,-12774827.59,12843055.95,-84.09
EIS:56,610,-10595000.00,20445000.00,23027202.39,-242.61
EIS:57,620,7380270.27,14271621.62,16066971.49,62.66
EIS:58,630,-1593000.00,10806000.00,10922787.42,-261.61
EIS:59,640,-21474836.48,21474836.47,11729695.35,-198.49
EIS:60,650,-1797352.94,3643235.29,4062467.35,-243.74
EIS:61,660,360377.36,6698679.25,6708366.08,-273.08
EIS:62,670,-9766538.46,-16482692.31,19158925.32,-120.65
EIS:63,680,3898396.23,5461886.79,6710417.31,54.48
EIS:64,690,15048000.00,-15844000.00,21851193.10,-46.48
EIS:65,700,12146206.90,13485517.24,18149091.36,47.99
EIS:66,710,-21474836.48,-21474836.48,42949672.95,-110.48
EIS:67,720,-1124905.66,-13382830.19,13430024.45,-94.80
EIS:68,730,2886470.59,21474836.47,23700544.79,-277.00
EIS:69,740,-2790000.00,11020000.00,11367695.46,-255.79
EIS:70,750,2401333.33,6057333.33,6515956.48,68.37
EIS:71,760,-7284000.00,-18130000.00,19538514.68,-111.89
EIS:72,770,14402000.00,-16416000.00,21838101.11,-48.74
EIS:73,780,-7228426.97,1206516.85,7328426.80,-189.48
EIS:74,790,21474836.47,21474836.47,26160141.11,22.17
EIS:75,800,582166.17,-5289406.53,5321347.47,-83.72
EIS:76,810,-12044615.38,-1346923.08,12119693.13,-173.62
EIS:77,820,4768118.81,8471188.12,9720904.54,60.63
EIS:78,830,21474836.47,-21474836.48,11779036.54,-23.90
EIS:79,840,-21474836.48,-1814000.00,745996.85,-177.62
EIS:80,850,3275000.00,21474836.47,30899049.34,-276.08
EIS:81,860,-4715294.12,6926176.47,8378897.25,-235.75
EIS:82,870,-11066250.00,5182500.00,12219664.29,-205.09
EIS:83,880,558153.85,5395230.77,5424025.33,-275.91
EIS:84,890,-9218529.41,13989117.65,16753408.52,-236.62
EIS:85,900,12818448.28,-616379.31,12833259.12,-2.75
EIS:86,910,18513846.15,-4939230.77,19161380.43,-14.94
EIS:87,920,21474836.47,21474836.47,30901997.67,45.06
EIS:88,930,-926292.14,10316067.42,10357570.37,-264.87
EIS:89,940,-561029.41,8363382.35,8382178.62,-266.16
EIS:90,950,-21474836.48,-2985384.61,27058272.44,-173.67
EIS:91,960,-3135200.00,19283600.00,19536803.94,-260.77
EIS:92,970,-21474836.48,21474836.47,5911606.45,-207.95
EIS:93,980,5143769.23,3212846.15,6064712.88,31.99
EIS:94,990,8973274.34,2009115.04,9195444.28,12.62
EIS:95,1000,-2014313.73,-7632745.10,7894064.70,-104.78
Playback all done
EIS:1,60,-738216.22,-1848702.70,1990644.33,-111.77
EIS:2,70,-899951.07,-262024.84,937320.09,-163.77
EIS:3,80,-953379.43,851054.45,1277977.31,-221.75
EIS:4,90,-6347852.35,4864496.64,7997409.40,-217.46
EIS:5,100,-1813696.34,-683998.41,1938388.05,-159.34
EIS:6,110,-1810000.00,-32503333.33,32553690.69,-93.19
EIS:7,120,-1541881.19,-9598811.88,9721861.30,-99.13
EIS:8,130,-5228062.28,-2363633.22,5737542.79,-155.67
EIS:9,140,-3433590.60,-2057013.42,4002605.23,-149.07
EIS:10,150,-5965320.75,-661622.64,6001899.39,-173.67
EIS:11,160,-6181369.29,-1122365.15,6282438.21,-169.71
EIS:12,170,-20327000.00,-8071000.00,21870710.32,-158.34
EIS:13,180,23421764.71,3632941.18,23701842.20,8.82
EIS:14,190,5975283.02,538490.57,5999498.25,5.15
EIS:15,200,582941.18,5720588.24,5750213.05,84.18
EIS:16,210,-23971538.46,-12587692.31,27075536.08,-152.30
EIS:17,220,6134923.08,-5989384.62,8573797.83,-44.31
EIS:18,230,-5256229.51,1898524.59,5588590.54,-199.86
EIS:19,240,-13504000.00,-14102000.00,19524969.14,-133.76
EIS:20,250,-11043235.29,4292058.82,11847987.79,-201.24
EIS:21,260,22047058.82,-8701764.71,23702183.69,-21.54
EIS:22,270,-6484970.41,3802071.01,7517352.27,-210.38
EIS:23,280,-4859177.06,443541.15,4879378.08,-185.22
EIS:24,290,4180163.93,-4651803.28,6254042.23,-48.06
EIS:25,300,-5553480.00,-2711640.00,6180140.10,-153.97
Start Playback
LOG:1,1,95,2026-07-21 12:10:45
EIS:1,60,-575620.82,-2598907.06,2661889.79,-102.49
EIS:2,70,-840138.59,-271506.09,882920.38,-162.09
EIS:3,80,-1261947.11,786531.71,1486991.14,-211.93
EIS:4,90,-2033583.82,-2623294.80,3319207.55,-127.78
EIS:5,100,-1777970.64,-554968.81,1862570.80,-162.66
EIS:6,110,-1486078.43,7754313.73,7895429.72,-259.15
EIS:7,120,-3813720.00,-4862040.00,6179311.71,-128.11
EIS:8,130,-5727517.24,37793.10,5727641.93,-180.38
EIS:9,140,-3235619.47,3264292.04,4596176.22,-225.25
EIS:10,150,-913750.00,-12178750.00,12212980.42,-94.29
EIS:11,160,-6948375.63,67258.88,6948701.15,-180.55
EIS:12,170,-1330360.36,-5192162.16,5359888.67,-104.37
EIS:13,180,-10301147.54,-7102622.95,12512429.56,-145.41
EIS:14,190,-21474836.48,-15720000.00,727333.57,-158.91
EIS:15,200,2512485.21,4686035.50,5317096.07,61.80
EIS:16,210,-12244310.34,-3793275.86,12818427.27,-162.79
EIS:17,220,-7559500.00,-1606500.00,7728316.93,-168.00
EIS:18,230,3055882.35,-21474836.48,23671607.47,-82.58
EIS:19,240,8022666.67,12142000.00,14553052.75,56.55
EIS:20,250,-10241923.08,8869615.38,13548692.39,-220.89
EIS:21,260,-9585200.00,17033600.00,19545321.38,-240.63
EIS:22,270,-10485000.00,-13075000.00,16759798.63,-128.73
EIS:23,280,-6579016.39,10640819.67,12510415.66,-238.27
EIS:24,290,-2653370.79,-6824606.74,7322269.71,-111.25
EIS:25,300,7865294.12,738823.53,7899918.47,5.37
EIS:26,310,21474836.47,13202000.00,746419.77,17.59
EIS:27,320,-985603.45,4427758.62,4536128.37,-257.45
EIS:28,330,-5338861.54,-934892.31,5420098.35,-170.07
EIS:29,340,-21474836.48,16650000.00,11780155.51,-189.81
EIS:30,350,8810245.90,-752704.92,8842341.18,-4.88
EIS:31,360,4317000.00,-21474836.48,30894105.75,-81.97
EIS:32,370,-19023333.33,-12993333.33,23037229.05,-145.67
EIS:33,380,7738000.00,-11446000.00,13816206.43,-55.94
EIS:34,390,-7443705.88,898176.47,7497698.20,-186.88
EIS:35,400,-21474836.48,-21474836.48,42949672.95,-101.53
EIS:36,410,-7773500.00,-13345500.00,15444405.86,-120.22
EIS:37,420,2565000.00,11945000.00,12217293.07,77.88
EIS:38,430,-10202758.62,-15006896.55,18146713.96,-124.21
EIS:39,440,-18714615.38,19623076.92,27116452.15,-226.36
EIS:40,450,-19707692.31,-18591538.46,27093143.75,-136.67
EIS:41,460,-1285940.59,-9640594.06,9725980.52,-97.60
EIS:42,470,-21474836.48,21474836.47,790448.90,-220.12
EIS:43,480,11665000.00,21474836.47,5898576.24,76.18
EIS:44,490,-20090769.23,-18216153.85,27119499.80,-137.80
EIS:45,500,4069845.36,5711597.94,7013272.58,54.53
EIS:46,510,-7370176.47,1342294.12,7491412.06,-190.32
EIS:47,520,-21474836.48,-8778000.00,766680.50,-168.42
EIS:48,530,6369615.38,-431410.26,6384208.25,-3.87
EIS:49,540,6361810.34,850775.86,6418446.11,7.62
EIS:50,550,-16835000.00,21474836.47,34562283.63,-240.85
EIS:51,560,-13683400.00,1923800.00,13817975.32,-188.00
EIS:52,570,-13820000.00,-21474836.48,5924929.85,-106.43
EIS:53,580,-8788307.69,-8339538.46,12115372.63,-136.50
EIS:54,590,-341732.85,-4136028.88,4150122.44,-94.72
EIS:55,600,-5726470.59,-4845882.35,7501669.23,-139.76
EIS:56,610,-6804000.00,21474836.47,741371.66,-261.04
EIS:57,620,-2527752.81,10046404.49,10359525.93,-255.88
EIS:58,630,-6169600.00,-2087200.00,6513092.05,-161.31
EIS:59,640,2392692.31,18996538.46,19146630.25,-277.18
EIS:60,650,-21474836.48,165000.00,30885440.74,-180.31
EIS:61,660,1419073.48,3636837.06,3903889.52,68.68
EIS:62,670,1578517.24,5515206.90,5736656.15,-285.97
EIS:63,680,-14832500.00,21474836.47,34543987.36,-244.57
EIS:64,690,9345321.10,-524403.67,9360022.74,-3.21
EIS:65,700,9380000.00,1460000.00,9492944.75,8.85
EIS:66,710,6410862.07,304655.17,6418096.86,2.72
EIS:67,720,11546666.67,21474836.47,32590684.59,69.25
EIS:68,730,-4984570.14,4285203.62,6573348.42,-220.69
EIS:69,740,-21110000.00,-9253333.33,23048997.33,-156.33
EIS:70,750,-13820000.00,-19260000.00,23705273.68,-125.66
EIS:71,760,13715675.68,-8355945.95,16060560.14,-31.35
EIS:72,770,-3344000.00,21474836.47,726529.26,-265.61
EIS:73,780,780500.00,-10903500.00,10931399.38,-85.91
EIS:74,790,-21474836.48,21474836.47,11836690.43,-202.83
EIS:75,800,5908000.00,-3579000.00,6907510.77,-31.21
EIS:76,810,21474836.47,21474836.47,748502.06,40.07
EIS:77,820,20711000.00,21474836.47,30893517.93,47.90
EIS:78,830,-12430000.00,21474836.47,34534523.31,-248.90
EIS:79,840,-1668995.57,-3363884.79,3755165.38,-116.39
EIS:80,850,17156000.00,9358000.00,19542274.69,28.61
EIS:81,860,10242500.00,21474836.47,24428473.40,65.21
EIS:82,870,5182500.00,11066250.00,12219664.29,64.91
EIS:83,880,-2790588.24,10232352.94,10606056.26,-254.75
EIS:84,890,21474836.47,11442500.00,34538036.46,19.35
EIS:85,900,8928400.00,-17388800.00,19547037.93,-62.82
EIS:86,910,-21474836.48,-21474836.48,42949672.95,-116.25
EIS:87,920,-4294786.89,-3586655.74,5595470.83,-140.13
EIS:88,930,-13318461.54,21474836.47,27100744.38,-240.56
EIS:89,940,1235352.94,-5155411.76,5301355.24,-76.52
EIS:90,950,8911592.92,2193893.80,9177671.73,13.83
EIS:91,960,-4119090.91,-7867272.73,8880365.43,-117.64
EIS:92,970,3975243.90,10032804.88,10791651.30,-291.61
EIS:93,980,-21474836.48,-21474836.48,42949672.95,-118.27
EIS:94,990,-16047647.06,-17450588.23,23707593.84,-132.60
EIS:95,1000,-3611968.91,6029481.86,7028582.43,-239.08
LOG:2,2,268,2026-07-21 12:11:21
CA:1,-0.038
CA:2,0.032
CA:3,-0.015
CA:4,-0.015
CA:5,-0.038
CA:6,-0.038
CA:7,0.008
CA:8,-0.015
CA:9,0.008
CA:10,0.008
CA:11,0.032
CA:12,0.032
CA:13,0.008
CA:14,0.032
CA:15,0.008
CA:16,0.008
CA:17,0.032
CA:18,0.008
CA:19,-0.015
CA:20,-0.015
CA:21,-0.015
CA:22,-0.038
CA:23,-0.015
CA:24,0.008
CA:25,-0.015
CA:26,0.032
CA:27,0.008
CA:28,-0.038
CA:29,0.008
CA:30,0.008
CA:31,0.008
CA:32,0.032
CA:33,-0.015
CA:34,-0.015
CA:35,0.008
CA:36,-0.015
CA:37,-0.015
CA:38,-0.015
CA:39,0.032
CA:40,0.032
CA:41,0.032
CA:42,-0.038
CA:43,-0.015
CA:44,0.008
CA:45,0.032
CA:46,0.008
CA:47,0.008
CA:48,0.032
CA:49,0.008
CA:50,0.008
CA:51,-0.038
CA:52,0.008
CA:53,0.008
CA:54,0.008
CA:55,-0.038
CA:56,-0.038
CA:57,-0.015
CA:58,0.008
CA:59,0.032
CA:60,0.032
CA:61,0.032
CA:62,0.008
CA:63,0.008
CA:64,0.008
CA:65,0.008
CA:66,0.008
CA:67,-0.015
CA:68,-0.015
CA:69,0.008
CA:70,-0.015
CA:71,-0.015
CA:72,-0.015
CA:73,-0.015
CA:74,-0.015
CA:75,-0.015
CA:76,-0.038
CA:77,-0.015
CA:78,0.008
CA:79,0.008
CA:80,0.008
CA:81,-0.015
CA:82,0.032
CA:83,0.032
CA:84,-0.015
CA:85,-0.015
CA:86,-0.015
CA:87,-0.015
CA:88,-0.015
CA:89,0.032
CA:90,0.008
CA:91,0.008
CA:92,0.008
CA:93,0.008
CA:94,0.032
CA:95,-0.015
CA:96,0.008
CA:97,0.032
CA:98,0.008
CA:99,-0.015
CA:100,-0.038
CA:101,0.008
CA:102,-0.015
CA:103,0.008
CA:104,0.008
CA:105,0.008
CA:106,-0.015
CA:107,-0.015
CA:108,0.032
CA:109,0.008
CA:110,0.032
CA:111,0.032
CA:112,-0.015
CA:113,-0.038
CA:114,0.008
CA:115,0.008
CA:116,-0.015
CA:117,0.008
CA:118,0.032
CA:119,0.032
CA:120,-0.015
CA:121,0.008
CA:122,0.008
CA:123,0.032
CA:124,-0.015
CA:125,0.032
CA:126,0.032
CA:127,0.008
CA:128,0.008
CA:129,0.032
CA:130,0.008
CA:131,0.008
CA:132,0.008
CA:133,-0.015
CA:134,-0.015
CA:135,0.032
CA:136,0.032
CA:137,0.008
CA:138,0.032
CA:139,0.032
CA:140,0.032
CA:141,0.032
CA:142,0.032
CA:143,0.008
CA:144,0.032
CA:145,-0.015
CA:146,0.032
CA:147,-0.015
CA:148,0.032
CA:149,0.032
CA:150,0.032
CA:151,0.032
CA:152,0.008
CA:153,0.032
CA:154,0.008
CA:155,0.032
CA:156,0.008
CA:157,-0.015
CA:158,0.008
CA:159,0.008
CA:160,0.008
CA:161,-0.015
CA:162,0.032
CA:163,-0.038
CA:164,0.032
CA:165,-0.015
CA:166,0.032
CA:167,0.032
CA:168,0.032
CA:169,0.032
CA:170,-0.015
CA:171,0.008
CA:172,0.032
CA:173,0.008
CA:174,0.008
CA:175,0.008
CA:176,-0.015
CA:177,0.032
CA:178,-0.038
CA:179,0.032
CA:180,0.032
CA:181,0.032
CA:182,0.008
CA:183,0.008
CA:184,0.032
CA:185,0.008
CA:186,0.008
CA:187,-0.015
CA:188,0.032
CA:189,0.008
CA:190,0.008
CA:191,0.008
CA:192,-0.015
CA:193,0.008
CA:194,-0.038
CA:195,0.032
CA:196,-0.015
CA:197,-0.015
CA:198,0.032
CA:199,0.008
CA:200,0.008
CA:201,0.032
CA:202,-0.015
CA:203,0.008
CA:204,0.008
CA:205,-0.015
CA:206,-0.038
CA:207,0.032
CA:208,-0.015
CA:209,0.008
CA:210,-0.015
CA:211,0.032
CA:212,0.032
CA:213,0.008
CA:214,0.032
CA:215,0.032
CA:216,-0.015
CA:217,0.032
CA:218,0.008
CA:219,0.032
CA:220,0.032
CA:221,-0.015
CA:222,0.008
CA:223,-0.038
CA:224,0.008
CA:225,0.008
CA:226,-0.015
CA:227,0.008
CA:228,-0.038
CA:229,0.032
CA:230,0.008
CA:231,0.008
CA:232,-0.038
CA:233,0.008
CA:234,0.032
CA:235,0.008
CA:236,0.008
CA:237,-0.038
CA:238,0.008
CA:239,0.008
CA:240,0.032
CA:241,0.008
CA:242,-0.038
CA:243,0.008
CA:244,0.032
CA:245,0.008
CA:246,-0.015
CA:247,0.032
CA:248,-0.015
CA:249,0.008
CA:250,-0.038
CA:251,0.032
CA:252,-0.015
CA:253,0.008
CA:254,0.032
CA:255,0.008
CA:256,-0.038
CA:257,-0.038
CA:258,0.032
CA:259,0.008
CA:260,-0.038
CA:261,0.032
CA:262,-0.015
CA:263,0.008
CA:264,-0.015
CA:265,0.032
CA:266,0.032
CA:267,0.008
CA:268,-0.038
summarize:2026-07-21 12:10:45 0.00 42949672.95
LOG:3,1,95,2026-07-21 12:14:36
EIS:1,60,-474805.71,-1885043.62,1943921.27,-104.14
EIS:2,70,-879755.84,-228163.48,908861.33,-165.46
EIS:3,80,-1051387.05,1179326.29,1579944.69,-228.28
EIS:4,90,1849487.18,-3587435.90,4036124.27,-62.73
EIS:5,100,-1538879.18,-249105.40,1558910.72,-170.81
EIS:6,110,-7979594.59,-877432.43,8027690.67,-173.72
EIS:7,120,-4862.07,-5737344.83,5737346.89,-90.05
EIS:8,130,-4098267.15,-613971.12,4144002.19,-171.48
EIS:9,140,-5667517.24,5807793.10,8114876.00,-225.70
EIS:10,150,240891.09,-9718910.89,9721895.77,-88.58
EIS:11,160,-4900659.03,1799627.51,5220643.45,-200.16
EIS:12,170,3471058.82,-6650235.29,7501591.75,-62.44
EIS:13,180,-7279705.88,15096176.47,16759733.34,-244.26
EIS:14,190,-9947352.94,-13475588.23,16749367.41,-126.43
EIS:15,200,-4161105.88,2273623.53,4741747.16,-208.65
EIS:16,210,-21474836.48,5090000.00,5861443.86,-185.99
EIS:17,220,-15992413.79,8588965.52,18152895.85,-208.24
EIS:18,230,19390000.00,-2250000.00,19520107.58,-6.62
EIS:19,240,-21474836.48,-12208461.54,27076260.54,-153.20
EIS:20,250,7243000.00,-20611000.00,21846610.03,-70.64
EIS:21,260,-8631393.44,1944672.13,8847751.27,-192.70
EIS:22,270,-6037522.12,6932831.86,9193249.21,-228.95
EIS:23,280,-6253248.41,4659044.59,7798064.64,-216.69
EIS:24,290,2939310.34,708390.80,3023468.68,13.55
EIS:25,300,-9148235.29,-21474836.48,23699755.40,-112.71
EIS:26,310,2550995.85,5753734.44,6293889.09,66.09
EIS:27,320,3464627.99,-189861.29,3469826.29,-3.14
EIS:28,330,-6766235.96,2802977.53,7323839.98,-202.50
EIS:29,340,5550000.00,21474836.47,32559833.81,80.19
EIS:30,350,-7036379.31,-10721551.72,12824285.76,-123.28
EIS:31,360,-9262615.38,7812923.08,12117665.24,-220.15
EIS:32,370,-3406659.79,-2844515.46,4438085.08,-140.14
EIS:33,380,-5598918.92,-15053513.51,16061013.73,-110.40
EIS:34,390,-21474836.48,21474836.47,769044.54,-217.84
EIS:35,400,-12361176.47,11324705.88,16764475.75,-222.49
EIS:36,410,-8392588.24,-6466352.94,10594775.02,-142.39
EIS:37,420,1055384.62,12076923.08,12122949.63,-274.99
EIS:38,430,-3074362.42,7391946.31,8005783.82,-247.42
EIS:39,440,-2346379.31,12621551.72,12837798.25,-259.47
EIS:40,450,-4765068.49,3158150.68,5716624.31,-213.54
EIS:41,460,7477567.57,-8555405.40,11362613.18,-48.85
EIS:42,470,21474836.47,21474836.47,26209532.14,31.44
EIS:43,480,8942500.00,-14775000.00,17270464.13,-58.82
EIS:44,490,3015853.66,6127317.07,6829303.61,63.79
EIS:45,500,-770769.23,-6008846.15,6058078.68,-97.31
EIS:46,510,-21474836.48,8273333.33,32558687.69,-194.72
EIS:47,520,1693521.68,-3112654.40,3543533.99,-61.45
EIS:48,530,1401705.88,7357823.53,7490149.96,-280.79
EIS:49,540,9234245.28,2212358.49,9495568.23,13.47
EIS:50,550,-3367000.00,6037000.00,6912456.73,-240.85
EIS:51,560,-5318108.11,621981.98,5354356.68,-186.67
EIS:52,570,-15446000.00,-542000.00,15455506.46,-177.99
EIS:53,580,20281666.67,10895000.00,23022750.22,28.24
EIS:54,590,-21474836.48,17904000.00,30889849.46,-215.42
EIS:55,600,1322068.97,-12774827.59,12843055.95,-84.09
EIS:56,610,-10595000.00,20445000.00,23027202.39,-242.61
EIS:57,620,7380270.27,14271621.62,16066971.49,62.66
EIS:58,630,-1593000.00,10806000.00,10922787.42,-261.61
EIS:59,640,-21474836.48,21474836.47,11729695.35,-198.49
EIS:60,650,-1797352.94,3643235.29,4062467.35,-243.74
EIS:61,660,360377.36,6698679.25,6708366.08,-273.08
EIS:62,670,-9766538.46,-16482692.31,19158925.32,-120.65
EIS:63,680,3898396.23,5461886.79,6710417.31,54.48
EIS:64,690,15048000.00,-15844000.00,21851193.10,-46.48
EIS:65,700,12146206.90,13485517.24,18149091.36,47.99
EIS:66,710,-21474836.48,-21474836.48,42949672.95,-110.48
EIS:67,720,-1124905.66,-13382830.19,13430024.45,-94.80
EIS:68,730,2886470.59,21474836.47,23700544.79,-277.00
EIS:69,740,-2790000.00,11020000.00,11367695.46,-255.79
EIS:70,750,2401333.33,6057333.33,6515956.48,68.37
EIS:71,760,-7284000.00,-18130000.00,19538514.68,-111.89
EIS:72,770,14402000.00,-16416000.00,21838101.11,-48.74
EIS:73,780,-7228426.97,1206516.85,7328426.80,-189.48
EIS:74,790,21474836.47,21474836.47,26160141.11,22.17
EIS:75,800,582166.17,-5289406.53,5321347.47,-83.72
EIS:76,810,-12044615.38,-1346923.08,12119693.13,-173.62
EIS:77,820,4768118.81,8471188.12,9720904.54,60.63
EIS:78,830,21474836.47,-21474836.48,11779036.54,-23.90
EIS:79,840,-21474836.48,-1814000.00,745996.85,-177.62
EIS:80,850,3275000.00,21474836.47,30899049.34,-276.08
EIS:81,860,-4715294.12,6926176.47,8378897.25,-235.75
EIS:82,870,-11066250.00,5182500.00,12219664.29,-205.09
EIS:83,880,558153.85,5395230.77,5424025.33,-275.91
EIS:84,890,-9218529.41,13989117.65,16753408.52,-236.62
EIS:85,900,12818448.28,-616379.31,12833259.12,-2.75
EIS:86,910,18513846.15,-4939230.77,19161380.43,-14.94
EIS:87,920,21474836.47,21474836.47,30901997.67,45.06
EIS:88,930,-926292.14,10316067.42,10357570.37,-264.87
EIS:89,940,-561029.41,8363382.35,8382178.62,-266.16
EIS:90,950,-21474836.48,-2985384.61,27058272.44,-173.67
EIS:91,960,-3135200.00,19283600.00,19536803.94,-260.77
EIS:92,970,-21474836.48,21474836.47,5911606.45,-207.95
EIS:93,980,5143769.23,3212846.15,6064712.88,31.99
EIS:94,990,8973274.34,2009115.04,9195444.28,12.62
EIS:95,1000,-2014313.73,-7632745.10,7894064.70,-104.78
Playback all done
